1 1
2 1
3 2
4 4
5 5
6 10
7 11
8 23
9 25
10 26
11 54
12 57
13 59
14 122
15 133
16 142
17 147
18 304
19 330
20 351
21 362
22 747
23 806
24 880
25 931
26 957
27 1968
28 2105
29 2275
30 2391
31 2450
32 5022
33 5336
34 5733
35 6155
36 6444
37 6591
38 13486
39 14267
40 15252
41 16295
42 17008
43 17370
44 35487
45 37402
46 39835
47 42452
48 45220
49 47108
50 48065
51 98098
52 103128
53 109476
54 116247
55 123363
56 128204
57 130654
58 266330
59 279138
60 295229
61 312453
62 330785
63 349975
64 363010
65 369601
66 752688
67 787032
68 830037
69 875851
70 924406
71 975079
72 1009457
73 1026827
74 2089141
75 2179400
76 2292124
77 2411813
78 2539320
79 2674100
80 2814493
81 2909666
82 2957731
83 6013560
84 6262851
85 6573553
86 6902404
87 7251490
88 7619304
89 8001525
90 8260383
91 8391037
92 17048404
93 17724526
94 18565223
95 19452043
96 20390510
97 21383723
98 22427493
99 23510079
100 24242690
101 24612291
102 49977270
103 51886591
104 54256348
105 56749268
106 59379562
107 62154898
108 65063840
109 68075203
110 70111487
111 71138314
112 144365769
113 149661137
114 156221802
115 163105139
116 170348396
117 177973629
118 186001542
119 194399801
120 203081691
121 208949088
122 211906819
123 429827198
124 445061340
125 463911304
126 483650112
127 504377559
128 526150757
129 549023076
130 572904288
131 597557233
132 614208653
133 622599690
134 1262247784
135 1305411751
136 1358749904
137 1414491696
138 1472899472
139 1534125748
140 1598327474
141 1665648769
142 1735829031
143 1808194091
144 1857049072
145 1881661363
146 3813299996
147 3939776148
148 4095896357
149 4258788564
150 4429173742
